
# Extracted from message: 72
6080295930051955944
6089028758205897441
6079921018061721315
5895763905719832199
6093661404420641058
6330046225319989903
5413582255408815156
6093379246544130083
6082665626717916708
6086690887247597839
6093869083269271739
5377804387559154477
5895550136607575885
6082297281732677016
6127673482365900832
5330237710655306682
6082439685668342861
6082509100929781640
6283081140190319157
6082556659102651360
5927291538357882288
6093779241143374561
6093710452947161299
6082607245227462002
6082492372032165667
6093639774965338848
6127465618833676052
6093701420630938474
6082229356824894294
6093864814071780526
6280784981954402008
6093522689861882360
6082243865224416815
6082335287898279596
6122730271360946438
6093399334106173535
6093835694193512831
6082409105501195897
6127273535011297342
6086615841284035037
6093376514944929700
5364201435858744869
6082626465206113170
6080369966698204789
6093425709500339144
6082265816802266799
6120451387483494938
6282631650387956439
6172370910662628916
6122699051243671018
6082593784799956739
6120949122653491340
6089118557382121313
6096026428162183499

# Extracted from message: 74
6107260756938459455
5897902017749192455
6172271752752665372
6104760231273696111
5895550136607575885
6172475192468576160
5895488357797990890
6307320737313068688
6107236026516769890
6172537095832212504
6298555228752971886
6307479036922696887
6219796119933683821
6086778246882399112
6170457030285858001
6172427273518454465
6307427853797431093
6089418114171147667
6107262779868056485
6107332706230602829
6172693617325381198
6298289748234471193
5895321176195992768
6172291213249484050
5895347444215975839
6172362849009014669
5328222365971141647
5895351971111506837
6222247670086371092
6107350225402202985
5251753067426124135
5321360343966958328
5895564043711680203
5895227545908941241
6107045561897061277
6086615841284035037
5895593395518181007
5249493051340004782
6089364701957853465
6089302652565328018
6084478433629309540
6298728453373953912
6307552691316855883
6105133944968056036
6296140830067395531
6172744121845814184
5895284342556462599
5895665142946859880
5361964771509808811
5895501169685433852
6172663483834831848
6107069596534049134
6172583524428682087
6172576257344018076
5249367290402609119
6172292883991762677
6084840593861643070
6172553768895256106
6298570484476806736
6106941000918240061
6172467573196593949
5895351575974514024
5895623189706313871
6172743481895687270
5895216632397041092
6172200361806272426
5406926593698312391
6170400139149055154
6172389267352851556
6172244269256938403
5251636497718744667
6107300064479152897
6086747705369957045
6088971806939550947
6172400601771546140
6172738538388330388
5249127133011292563
6298335558355651118
6107039750806309828
6172589627577208828
6170084201354762492
5895714560840568825
6172637306009163462
6172332822892647766
5895681313498729745
5895339902253403488
6307326853346497021
6172441781917980631
5895276358212259282
6084422882522303104
6107211978994879935
6298670698948724690
6084648952420895709
6172717261120345643
6172493055237559796
6172682682338644827
6084872350849829407
6282832483058717480

# Extracted from message: 79
6093576514392037256
5244789697078634033
6235253239080555488
5244876756065721794
6116370442702819766
5350633767314661730
6096056720566522801
5204056798474019667
5377409491086089535
6235332768989976110
6118296387642724858
6093666528316625608
6095627640448750533
6093379246544130083
5337064406553467864
6136444905095961890
5377804387559154477
5438263516903523162
5359633141138990064
5267205427749199322
6172273586703700991
5244666105099723271
5389112825996125507
5287343124945837193
5334519264768433101
5350730391193921008
5262612784859847498
5438511808962903327
5454251403813856255
5368831719841472639
6172241868370219960
5451879538189410979
6093577759932552635
6093612746736145083
6093710452947161299
5260471490259721943
6093434664507150188
5406964312101101839
6136590392818145549
6093639774965338848
6172388902280630961
5355274483772956644
6172491208401623964
6093864814071780526
6093701420630938474
6138610895758040294
5422429497196552312
5454027867945968569
6084620493967593184
5456115213461889290
6096157154081771397
6093772622598771321
5438268219892711217
6093376514944929700
6172689880703833098
6172394919529813114
6118595158452735753
6235593671073339928
5384161570517425744
6235449188373502693
6089237188673801709
6172370910662628916
6172536279788426659
6172614787495630673
5424759053098165402
5202069560055834134
5425038642584230611
5368462112135848748
5402528499942564167
5350662715394235755
6093922327978840798
5260494902126452682
6093467039970629408
